VDW 0.0043330390523641
0  0.00459740160637655 -0.00461498230279429 -0.0176026496033113 0.00150641646211971 0.0365184993761987 0.000758969342195301 0.0093435586516162 -0.0583839294453307 0.012432603801535 -0.0135094262506074 0.00723516587856225 -0.00621612384890087 -0.00721946395088604 -0.00372787537981535 -0.00617781220441768 0.00533770421612275 -0.0155133696793165 0.0974485320664045 -0.0948147882013873 0.00920533083256361
1  -0.00461498230279429 0.0250913153466174 -0.0123750333261913 0.0456574611043538 0.0937804943181123 0.0572264221607108 -0.0574787724450804 -0.0165719418490556 -0.0448867899836067 -0.0121896736726543 0.00412350234372419 0.0325119544128898 0.0112714004805569 0.029117141468388 -0.0120978718916495 0.0338872593962713 0.000699331354587067 -0.0362741746056504 0.19100557134012 0.26537775910819
2  -0.0176026496033113 -0.0123750333261913 0.0659307528763236 -0.0911845676036336 0.016911707802876 -0.0169465412529549 -0.0473507410753672 0.115747457438811 0.0423381982439925 -0.0364042720557429 -0.0695713970705345 -0.0497425507128745 -0.0486841929237967 -0.0466075032450505 -0.0569807150216391 -0.0621390176431037 -0.0441063885921631 -0.108545660222708 0.00746430898932 -0.242908407939083
3  0.00150641646211971 0.0456574611043538 -0.0911845676036336 0.0378320167093215 -0.0430901526512246 -0.0277589406105395 0.0357493644710626 -0.00729667974946576 -0.0435747929345383 0.0413841564313982 0.0541964408078034 0.0647605505311135 0.0343012568395706 0.0242316593404591 0.0554478442232136 0.027629811170503 0.0347267716546123 0.202789053547497 -0.191755198299206 0.0822864715218318
4  0.0365184993761987 0.0937804943181123 0.016911707802876 -0.0430901526512246 0.0701894566674552 0.0209251532805231 0.0415759616913943 0.0524459405537114 -0.0118904718769064 0.0337652435571366 0.00929877703924878 0.0475801360174537 0.0270450537382643 0.0327274975351217 0.01268106635784 0.0393239565087677 0.0441566399147674 -0.134610617404787 0.197081788917186 0.23469210856605
5  0.000758969342195301 0.0572264221607108 -0.0169465412529549 -0.0277589406105395 0.0209251532805231 -0.00733573426182117 0.00463483888081786 -0.0141746529186121 0.00304806722294177 0.0111818712643861 -0.00115236016615631 -0.0412264160562402 -0.0028448806366396 -0.00256726828537526 0.0216372869302881 0.0134522608046158 0.0211405497910715 0.0449079976941257 -0.0538742106493212 -0.118317836247665
6  0.0093435586516162 -0.0574787724450804 -0.0473507410753672 0.0357493644710626 0.0415759616913943 0.00463483888081786 0.0473428936557083 -0.120784962115912 0.0681446251690115 0.0257831775511736 0.0673319360339998 -0.00439125766628434 0.00688685422721262 -0.0037997873295633 -0.0247092152652991 -0.0154803507363845 -0.0388156389956689 -0.02135757424559 -0.0527500885493093 -0.210095164168655
7  -0.0583839294453307 -0.0165719418490556 0.115747457438811 -0.00729667974946576 0.0524459405537114 -0.0141746529186121 -0.120784962115912 0.0582826594405131 -0.0116436929443687 -0.0446766375874616 -0.0960116153343726 -0.00167079080256901 0.0354547784305668 0.0293681235931604 0.0791654457737847 -0.00241486585960586 0.0782973147556237 0.218822827384181 0.00255913331997239 0.63687935793963
8  0.012432603801535 -0.0448867899836067 0.0423381982439925 -0.0435747929345383 -0.0118904718769064 0.00304806722294177 0.0681446251690115 -0.0116436929443687 -0.0040221177451861 0.0434306707269773 -0.00329116761447955 -0.00440399406538698 0.0174802229555826 0.00877129781112421 -0.00563777892293803 -0.00237712928902978 0.00629572754425031 -0.00361660890663828 -0.043675305640794 0.0215314630592383
9  -0.0135094262506074 -0.0121896736726543 -0.0364042720557429 0.0413841564313982 0.0337652435571366 0.0111818712643861 0.0257831775511736 -0.0446766375874616 0.0434306707269773 -0.00668662215397778 0.0164809420398875 -0.030427409538917 0.0231206388050524 -0.000955328410917006 0.0270219523280337 -0.00494526727558694 0.012382242748099 -0.0587112908903608 0.0684802926725059 -0.0739732610125174
10  0.00723516587856225 0.00412350234372419 -0.0695713970705345 0.0541964408078034 0.00929877703924878 -0.00115236016615631 0.0673319360339998 -0.0960116153343726 -0.00329116761447955 0.0164809420398875 0.00626445706525342 -0.0312173706564495 0.00948074862400413 -0.00853826222111971 0.00830740553556597 0.00193646630661088 -0.000935721272523038 -0.0766530697921313 -0.0196878720672347 0.00398443920433321
11  -0.00621612384890087 0.0325119544128898 -0.0497425507128745 0.0647605505311135 0.0475801360174537 -0.0412264160562402 -0.00439125766628434 -0.00167079080256901 -0.00440399406538698 -0.030427409538917 -0.0312173706564495 0.115024759468498 -0.021549459294953 0.00222856367879727 -0.0544738443163521 0.000113230152487143 -0.00415004286461125 -0.036840822090435 0.11255382783401 0.035651592278681
12  -0.00721946395088604 0.0112714004805569 -0.0486841929237967 0.0343012568395706 0.0270450537382643 -0.0028448806366396 0.00688685422721262 0.0354547784305668 0.0174802229555826 0.0231206388050524 0.00948074862400413 -0.021549459294953 0.0200273802581955 0.0150427485798699 0.014025236291196 -5.63759977043872e-05 0.0251093874372526 -0.00682498974327639 -0.000215657798957964 -0.0587258173175089
13  -0.00372787537981535 0.029117141468388 -0.0466075032450505 0.0242316593404591 0.0327274975351217 -0.00256726828537526 -0.0037997873295633 0.0293681235931604 0.00877129781112421 -0.000955328410917006 -0.00853826222111971 0.00222856367879727 0.0150427485798699 0.00156335754904273 0.000128306718917872 0.00368420518163409 -0.00643618242322044 0.0786559548366084 -0.0484159498758817 0.033890005563003
14  -0.00617781220441768 -0.0120978718916495 -0.0569807150216391 0.0554478442232136 0.01268106635784 0.0216372869302881 -0.0247092152652991 0.0791654457737847 -0.00563777892293803 0.0270219523280337 0.00830740553556597 -0.0544738443163521 0.014025236291196 0.000128306718917872 0.0154545789379039 -0.00142326373206853 0.000740981881777875 0.155673014732303 -0.119412212813407 0.0405710979694969
15  0.00533770421612275 0.0338872593962713 -0.0621390176431037 0.027629811170503 0.0393239565087677 0.0134522608046158 -0.0154803507363845 -0.00241486585960586 -0.00237712928902978 -0.00494526727558694 0.00193646630661088 0.000113230152487143 -5.63759977043872e-05 0.00368420518163409 -0.00142326373206853 0.00226254386473721 0.00388841399637533 -0.0393187091518152 0.0285502520733495 0.00557378056371594
16  -0.0155133696793165 0.000699331354587067 -0.0441063885921631 0.0347267716546123 0.0441566399147674 0.0211405497910715 -0.0388156389956689 0.0782973147556237 0.00629572754425031 0.012382242748099 -0.000935721272523038 -0.00415004286461125 0.0251093874372526 -0.00643618242322044 0.000740981881777875 0.00388841399637533 0.0496930290652672 0.0505340366223357 -0.0216194051474621 -0.0246040538614174
17  0.0974485320664045 -0.0362741746056504 -0.108545660222708 0.202789053547497 -0.134610617404787 0.0449079976941257 -0.02135757424559 0.218822827384181 -0.00361660890663828 -0.0587112908903608 -0.0766530697921313 -0.036840822090435 -0.00682498974327639 0.0786559548366084 0.155673014732303 -0.0393187091518152 0.0505340366223357 -0.238688753840089 0.33526536952582 0.0055876086596836
18  -0.0948147882013873 0.19100557134012 0.00746430898932 -0.191755198299206 0.197081788917186 -0.0538742106493212 -0.0527500885493093 0.00255913331997239 -0.043675305640794 0.0684802926725059 -0.0196878720672347 0.11255382783401 -0.000215657798957964 -0.0484159498758817 -0.119412212813407 0.0285502520733495 -0.0216194051474621 0.33526536952582 -0.382067401920074 0.0039714450912627
19  0.00920533083256361 0.26537775910819 -0.242908407939083 0.0822864715218318 0.23469210856605 -0.118317836247665 -0.210095164168655 0.63687935793963 0.0215314630592383 -0.0739732610125174 0.00398443920433321 0.035651592278681 -0.0587258173175089 0.033890005563003 0.0405710979694969 0.00557378056371594 -0.0246040538614174 0.0055876086596836 0.0039714450912627 0.386511082722017
