VDW 0
0  0.0103958106054772 0.00795320888305444 -0.00282732880175776 0.00874419402607535 0.00534561362249598 -0.00422849873550069 0.0172911037912754 -0.0888746230243398 -0.000310950525572674 -0.0178246478658611 -0.0113816731726952 -0.0136453723326995 -0.0187656898627179 -0.00478412440215821 -0.0010551923447014 -0.000596321593670491 -0.00634893925130422 -0.000429786739699975
1  0.00795320888305444 0.000644494157686088 0.00188292287931975 0.0259491025969994 -0.00782064228525134 0.00920581239326783 0.0574444362626133 -0.0858263425524371 -0.0252044680162796 -0.0160578514040372 -0.00174879566501006 0.0169211619793583 0.0215403847990833 -0.00271076932702471 0.00627199655696584 0.016422392474537 -0.0242372740408189 0.000628895195308191
2  -0.00282732880175776 0.00188292287931975 -0.0147619059079541 -0.00983553065662506 -0.00182698522856032 -0.0097246281913865 -0.0531534479240024 0.083619661050298 0.0353770123049498 0.0222490046918441 0.00170536351679886 -0.0200443156681042 -0.0346127401885697 -0.0037869348380603 -0.0456140027914742 -0.0173106456637456 -0.00727204869117197 0.00566594835918918
3  0.00874419402607535 0.0259491025969994 -0.00983553065662506 -0.0185321426930331 -0.00032009434621884 -0.0219436555359318 0.0164743374166671 -0.0166349561095698 -0.0548644790315012 0.00062539921943997 -0.00746709249161968 0.0294299391493419 0.00539464429069396 0.0138986307405253 0.0384384264274922 0.0059851954222717 0.0119134547110858 0.00131949295255743
4  0.00534561362249598 -0.00782064228525134 -0.00182698522856032 -0.00032009434621884 0.0231763521527595 0.0538961886160117 0.0156547103645874 0.00390701848594556 -0.0161705601424208 -0.0157649983406053 0.0308941632325584 0.067068613498596 0.0292391541201876 -0.0151505558116818 0.000303038198149741 0.0230502658161885 0.000650878103129418 -0.0302577692836587
5  -0.00422849873550069 0.00920581239326783 -0.0097246281913865 -0.0219436555359318 0.0538961886160117 0.00778781328161701 -0.0202428770862284 0.0200092893711245 -0.00175673416984521 -0.00701503227407405 -0.00403757771414967 0.00199021157161366 0.0142327086247521 0.00544554213551605 0.029400164039378 0.00323586037880028 0.00957587516348932 -0.00414155026615893
6  0.0172911037912754 0.0574444362626133 -0.0531534479240024 0.0164743374166671 0.0156547103645874 -0.0202428770862284 0.045617252506695 -0.166579888958649 0.0375142705082978 0.0134088350233213 -0.00613325420010513 -0.0150919259789189 -0.0294060581469586 -0.0538707144530815 0.0161060814825526 -0.0167073370230308 -0.0267612286108571 -0.0132739720896656
7  -0.0888746230243398 -0.0858263425524371 0.083619661050298 -0.0166349561095698 0.00390701848594556 0.0200092893711245 -0.166579888958649 0.20057012193605 0.0390175396842824 -0.0233405088919237 -0.0154076256741217 0.0469846947243896 0.0163432485157983 0.104954904711934 -0.0433052538672746 -0.00716748697507165 0.0107762779890469 0.0074879044604943
8  -0.000310950525572674 -0.0252044680162796 0.0353770123049498 -0.0548644790315012 -0.0161705601424208 -0.00175673416984521 0.0375142705082978 0.0390175396842824 -0.0104976195263566 0.0492403420673325 0.00501694321857842 -0.00990175556161916 0.0258392723224671 0.00651932067861443 0.00320880877540074 -0.00564876632825805 0.00274239928417044 0.00406323479100882
9  -0.0178246478658611 -0.0160578514040372 0.0222490046918441 0.00062539921943997 -0.0157649983406053 -0.00701503227407405 0.0134088350233213 -0.0233405088919237 0.0492403420673325 -0.0255601795748816 -0.000629861768999466 0.0190869553316447 0.0146896699964414 -0.00978654895185865 0.0175114670370877 0.00330630272037473 -0.00736790852780298 -0.0016735904480112
10  -0.0113816731726952 -0.00174879566501006 0.00170536351679886 -0.00746709249161968 0.0308941632325584 -0.00403757771414967 -0.00613325420010513 -0.0154076256741217 0.00501694321857842 -0.000629861768999466 0.0173083614192185 -0.00654201442977586 0.00602298867880925 0.00964783536545107 -0.00923793688783411 0.00144025706820109 0.0244583610982511 -0.00251241833807158
11  -0.0136453723326995 0.0169211619793583 -0.0200443156681042 0.0294299391493419 0.067068613498596 0.00199021157161366 -0.0150919259789189 0.0469846947243896 -0.00990175556161916 0.0190869553316447 -0.00654201442977586 -0.0327451343071582 -0.0472149405806401 0.00813303806817786 -0.0141803903417729 -0.00724871646896254 0.019613263877365 0.000466687211522289
12  -0.0187656898627179 0.0215403847990833 -0.0346127401885697 0.00539464429069396 0.0292391541201876 0.0142327086247521 -0.0294060581469586 0.0163432485157983 0.0258392723224671 0.0146896699964414 0.00602298867880925 -0.0472149405806401 -0.00279508196731086 0.0102673819012969 -0.00106546009616417 0.000791185790288498 0.011478313760241 -0.00497972142362018
13  -0.00478412440215821 -0.00271076932702471 -0.0037869348380603 0.0138986307405253 -0.0151505558116818 0.00544554213551605 -0.0538707144530815 0.104954904711934 0.00651932067861443 -0.00978654895185865 0.00964783536545107 0.00813303806817786 0.0102673819012969 0.00550599608209286 -0.00106673311586128 0.00120638726734485 -0.0102648917046308 0.00050056365000471
14  -0.0010551923447014 0.00627199655696584 -0.0456140027914742 0.0384384264274922 0.000303038198149741 0.029400164039378 0.0161060814825526 -0.0433052538672746 0.00320880877540074 0.0175114670370877 -0.00923793688783411 -0.0141803903417729 -0.00106546009616417 -0.00106673311586128 0.00757104121299215 0.00423952576431533 -0.0105993909537763 -0.000239525832048526
15  -0.000596321593670491 0.016422392474537 -0.0173106456637456 0.0059851954222717 0.0230502658161885 0.00323586037880028 -0.0167073370230308 -0.00716748697507165 -0.00564876632825805 0.00330630272037473 0.00144025706820109 -0.00724871646896254 0.000791185790288498 0.00120638726734485 0.00423952576431533 0.0116026142750494 0.0163300678020586 0.00141774159211518
16  -0.00634893925130422 -0.0242372740408189 -0.00727204869117197 0.0119134547110858 0.000650878103129418 0.00957587516348932 -0.0267612286108571 0.0107762779890469 0.00274239928417044 -0.00736790852780298 0.0244583610982511 0.019613263877365 0.011478313760241 -0.0102648917046308 -0.0105993909537763 0.0163300678020586 0.0956386433104734 -0.000402130237954537
17  -0.000429786739699975 0.000628895195308191 0.00566594835918918 0.00131949295255743 -0.0302577692836587 -0.00414155026615893 -0.0132739720896656 0.0074879044604943 0.00406323479100882 -0.0016735904480112 -0.00251241833807158 0.000466687211522289 -0.00497972142362018 0.00050056365000471 -0.000239525832048526 0.00141774159211518 -0.000402130237954537 -0.0168763000808148
