0 0.0226645617  0.0240931320  0.0051095383  -0.0057631462  0.0064693058  0.0071631707  0.0091340436  -0.0126649676  0.0143234245  -0.0083493566  -0.0118407791  -0.0061120769  -0.0099304485  -0.0318215362  -0.0115099516  0.0192115654  -0.0018500112  0.0284804794  0.0067609233  0.0324689271  
1 0.0240931320  0.0052536836  -0.0100718703  -0.0197430267  0.0346724241  0.0066440060  -0.0101495791  -0.0200600417  -0.0371401442  0.0057199194  0.0023140888  -0.0036713831  0.0078466096  0.0287888897  0.0123049540  0.0011679755  -0.0059124750  0.1108713484  -0.0770893291  -0.0696030721  
2 0.0051095383  -0.0100718703  0.0102646176  -0.0079064458  -0.0310695170  -0.0056812936  0.0125490255  0.0162957467  0.0116548952  -0.0185770394  -0.0171001824  -0.0243018149  -0.0279444098  0.0055361558  -0.0093875775  -0.0145633636  0.0031889039  0.0330481016  -0.0906274607  0.0394384573  
3 -0.0057631462  -0.0197430267  -0.0079064458  -0.0101003032  0.0168621006  -0.0175513291  -0.0150389413  -0.0016343137  -0.0360463280  0.0264273238  0.0164319695  0.0525492114  0.0224917845  0.0048605354  0.0135829884  0.0133790714  0.0166239536  0.0656977195  -0.0060982854  -0.0455215691  
4 0.0064693058  0.0346724241  -0.0310695170  0.0168621006  0.1501326833  0.0043633769  0.0144674730  -0.0131748081  -0.0301458978  0.0639623843  0.0212800433  -0.0843258322  0.0222971597  -0.0289582539  0.0325861035  0.0128495291  0.0504055986  -0.0820727477  0.0774283430  0.0473810141  
5 0.0071631707  0.0066440060  -0.0056812936  -0.0175513291  0.0043633769  -0.0011451455  -0.0031768086  -0.0512349958  -0.0077549935  0.0061558841  -0.0103812475  -0.0295872014  -0.0016936724  -0.0011235953  0.0336199951  0.0095043613  0.0126510784  0.0703832978  -0.0143349265  -0.0142817345  
6 0.0091340436  -0.0101495791  0.0125490255  -0.0150389413  0.0144674730  -0.0031768086  0.0068027361  -0.0433810642  0.0223500670  -0.0149707000  0.0111481234  0.0122450796  -0.0167928095  -0.0069163026  0.0371491105  -0.0009580620  0.0029428873  0.0539704601  0.0201479660  -0.0038464251  
7 -0.0126649676  -0.0200600417  0.0162957467  -0.0016343137  -0.0131748081  -0.0512349958  -0.0433810642  -0.1353549889  0.0905279686  -0.0493412799  -0.0534846000  -0.1101645224  -0.0171090594  -0.0448914280  0.0567358028  -0.0175407597  -0.1314236090  0.1537942019  -0.1353817070  -0.1644438240  
8 0.0143234245  -0.0371401442  0.0116548952  -0.0360463280  -0.0301458978  -0.0077549935  0.0223500670  0.0905279686  -0.0133547017  0.0475738926  0.0027403455  0.0216975284  0.0128237978  0.0146627148  -0.0137416548  -0.0090585737  -0.0084578993  0.0356525139  -0.0967244000  0.0582548591  
9 -0.0083493566  0.0057199194  -0.0185770394  0.0264273238  0.0639623843  0.0061558841  -0.0149707000  -0.0493412799  0.0475738926  0.0050578016  -0.0023735802  -0.0481863824  0.0077202727  -0.0103855665  0.0209866183  0.0003302084  -0.0009255935  0.0705923467  -0.1031734438  0.0370535355  
10 -0.0118407791  0.0023140888  -0.0171001824  0.0164319695  0.0212800433  -0.0103812475  0.0111481234  -0.0534846000  0.0027403455  -0.0023735802  0.0158530607  0.0071041566  -0.0018092708  0.0034404967  -0.0090698116  0.0016967337  -0.0039862077  -0.1135655851  -0.0784778845  0.0716132768  
11 -0.0061120769  -0.0036713831  -0.0243018149  0.0525492114  -0.0843258322  -0.0295872014  0.0122450796  -0.1101645224  0.0216975284  -0.0481863824  0.0071041566  0.0450027237  -0.0357726640  -0.0081488109  -0.0040270587  -0.0022176152  -0.0114424637  0.0722034918  -0.0333491409  0.0424256696  
12 -0.0099304485  0.0078466096  -0.0279444098  0.0224917845  0.0222971597  -0.0016936724  -0.0167928095  -0.0171090594  0.0128237978  0.0077202727  -0.0018092708  -0.0357726640  0.0605252610  0.0298322608  -0.0427400532  0.0042235058  0.0242441468  -0.0695574621  -0.0113796967  0.1645632819  
13 -0.0318215362  0.0287888897  0.0055361558  0.0048605354  -0.0289582539  -0.0011235953  -0.0069163026  -0.0448914280  0.0146627148  -0.0103855665  0.0034404967  -0.0081488109  0.0298322608  0.0024041365  -0.0002975607  -0.0013983474  -0.0028393861  0.0099091779  0.0428774999  0.0448326440  
14 -0.0115099516  0.0123049540  -0.0093875775  0.0135829884  0.0325861035  0.0336199951  0.0371491105  0.0567358028  -0.0137416548  0.0209866183  -0.0090698116  -0.0040270587  -0.0427400532  -0.0002975607  0.0647205343  0.0090802625  -0.0197268312  -0.0199628881  0.0412772260  -0.0046228781  
15 0.0192115654  0.0011679755  -0.0145633636  0.0133790714  0.0128495291  0.0095043613  -0.0009580620  -0.0175407597  -0.0090585737  0.0003302084  0.0016967337  -0.0022176152  0.0042235058  -0.0013983474  0.0090802625  0.0157320789  0.0290858326  0.0817820910  -0.0164094187  0.0264743810  
16 -0.0018500112  -0.0059124750  0.0031889039  0.0166239536  0.0504055986  0.0126510784  0.0029428873  -0.1314236090  -0.0084578993  -0.0009255935  -0.0039862077  -0.0114424637  0.0242441468  -0.0028393861  -0.0197268312  0.0290858326  0.1254537725  0.1563869049  -0.0383360001  -0.0076682764  
17 0.0284804794  0.1108713484  0.0330481016  0.0656977195  -0.0820727477  0.0703832978  0.0539704601  0.1537942019  0.0356525139  0.0705923467  -0.1135655851  0.0722034918  -0.0695574621  0.0099091779  -0.0199628881  0.0817820910  0.1563869049  0.7392574429  0.3307341549  -0.1040952364  
18 0.0067609233  -0.0770893291  -0.0906274607  -0.0060982854  0.0774283430  -0.0143349265  0.0201479660  -0.1353817070  -0.0967244000  -0.1031734438  -0.0784778845  -0.0333491409  -0.0113796967  0.0428774999  0.0412772260  -0.0164094187  -0.0383360001  0.3307341549  -0.0060083790  0.7200872241  
19 0.0324689271  -0.0696030721  0.0394384573  -0.0455215691  0.0473810141  -0.0142817345  -0.0038464251  -0.1644438240  0.0582548591  0.0370535355  0.0716132768  0.0424256696  0.1645632819  0.0448326440  -0.0046228781  0.0264743810  -0.0076682764  -0.1040952364  0.7200872241  -0.1190168714  
