0 0.025  0.024  0.004  -0.006  0.008  0.008  0.010  -0.010  0.016  -0.010  -0.011  -0.006  -0.009  -0.034  -0.018  0.022  -0.000  0.016
1 0.024  0.005  -0.010  -0.021  0.039  0.005  -0.008  -0.023  -0.038  0.006  0.000  -0.005  0.006  0.032  0.015  -0.000  -0.008  0.079
2 0.004  -0.010  0.010  -0.007  -0.034  -0.007  0.009  0.022  0.010  -0.017  -0.016  -0.023  -0.029  0.007  -0.007  -0.016  0.004  0.005
3 -0.006  -0.021  -0.007  -0.011  0.016  -0.014  -0.014  -0.004  -0.035  0.027  0.015  0.050  0.025  0.004  0.015  0.014  0.014  0.048
4 0.008  0.039  -0.034  0.016  0.141  0.005  0.019  -0.033  -0.032  0.065  0.018  -0.086  0.018  -0.028  0.033  0.012  0.051  -0.049
5 0.008  0.005  -0.007  -0.014  0.005  -0.003  -0.003  -0.055  -0.008  0.006  -0.011  -0.028  -0.002  -0.001  0.033  0.009  0.013  0.062
6 0.010  -0.008  0.009  -0.014  0.019  -0.003  0.005  -0.041  0.023  -0.011  0.012  0.006  -0.020  -0.008  0.038  -0.001  0.002  0.071
7 -0.010  -0.023  0.022  -0.004  -0.033  -0.055  -0.041  -0.141  0.089  -0.054  -0.052  -0.104  -0.016  -0.038  0.058  -0.020  -0.134  0.101
8 0.016  -0.038  0.010  -0.035  -0.032  -0.008  0.023  0.089  -0.013  0.048  0.003  0.020  0.012  0.013  -0.014  -0.008  -0.005  -0.032
9 -0.010  0.006  -0.017  0.027  0.065  0.006  -0.011  -0.054  0.048  0.004  -0.003  -0.051  0.008  -0.010  0.021  0.001  0.000  -0.011
10 -0.011  0.000  -0.016  0.015  0.018  -0.011  0.012  -0.052  0.003  -0.003  0.016  0.008  -0.001  0.003  -0.010  0.002  -0.000  -0.176
11 -0.006  -0.005  -0.023  0.050  -0.086  -0.028  0.006  -0.104  0.020  -0.051  0.008  0.050  -0.033  -0.008  -0.006  -0.001  -0.012  0.047
12 -0.009  0.006  -0.029  0.025  0.018  -0.002  -0.020  -0.016  0.012  0.008  -0.001  -0.033  0.057  0.030  -0.045  0.007  0.032  -0.105
13 -0.034  0.032  0.007  0.004  -0.028  -0.001  -0.008  -0.038  0.013  -0.010  0.003  -0.008  0.030  0.002  -0.002  -0.001  -0.004  0.057
14 -0.018  0.015  -0.007  0.015  0.033  0.033  0.038  0.058  -0.014  0.021  -0.010  -0.006  -0.045  -0.002  0.068  0.009  -0.018  -0.028
15 0.022  -0.000  -0.016  0.014  0.012  0.009  -0.001  -0.020  -0.008  0.001  0.002  -0.001  0.007  -0.001  0.009  0.016  0.028  0.062
16 -0.000  -0.008  0.004  0.014  0.051  0.013  0.002  -0.134  -0.005  0.000  -0.000  -0.012  0.032  -0.004  -0.018  0.028  0.123  0.122
17 0.016  0.079  0.005  0.048  -0.049  0.062  0.071  0.101  -0.032  -0.011  -0.176  0.047  -0.105  0.057  -0.028  0.062  0.122  1.014
